[[ 15.515     12.9635    15.515     18.35    ]
 [ 18.35      15.515     15.515     21.5     ]
 [ 21.5       20.5       18.35      25.      ]
 [  0.         0.         0.         0.      ]
 [ 15.515     10.66715   12.9635    15.515   ]
 [ 18.35      12.9635    12.9635    14.515   ]
 [  0.         0.         0.         0.      ]
 [  0.         0.         0.         0.      ]
 [ 12.9635    10.66715   10.66715   12.9635  ]
 [ 15.515     12.9635    10.66715   10.66715 ]
 [  9.66715   10.66715   12.9635     8.600435]
 [-13.33285    8.600435  10.66715    8.600435]]
